0.142556 0.048120 0.145235 0.050485 0.613605
0.068706 0.030884 0.685950 0.023924 0.190536
0.049665 0.255844 0.006986 0.016535 0.670970
0.000010 0.202180 0.769079 0.003305 0.025425
0.028990 0.526832 0.000010 0.015179 0.428989
0.016819 0.000010 0.947943 0.015150 0.020078
0.073874 0.007707 0.449086 0.026696 0.442637
0.000010 0.012306 0.941782 0.017822 0.028081
0.000010 0.921374 0.078596 0.000010 0.000010
0.119209 0.054166 0.242085 0.066496 0.518044
0.000010 0.000010 0.999960 0.000010 0.000010
0.183043 0.057531 0.183316 0.027790 0.548321
0.031553 0.035069 0.298135 0.008920 0.626322
0.117837 0.058629 0.135639 0.038169 0.649725
0.031598 0.461893 0.053402 0.013547 0.439561
0.073262 0.090796 0.000010 0.014645 0.821287
0.078116 0.026577 0.582298 0.023462 0.289548
0.000010 0.000010 0.999960 0.000010 0.000010
0.804444 0.020243 0.091727 0.000010 0.083575
0.004809 0.006844 0.000010 0.007626 0.980712
0.033759 0.711989 0.000010 0.000010 0.254231
0.094939 0.180182 0.027440 0.015123 0.682316
0.001043 0.040254 0.000010 0.000010 0.958684
0.000010 0.000020 0.999950 0.000010 0.000010
0.000010 0.000010 0.999960 0.000010 0.000010
0.103842 0.083850 0.019128 0.014941 0.778239
0.000010 0.000010 0.999960 0.000010 0.000010
0.032491 0.042157 0.327843 0.016063 0.581446
0.094364 0.059858 0.014231 0.027076 0.804471
0.065155 0.000431 0.085845 0.009550 0.839020
0.000010 0.000010 0.999960 0.000010 0.000010
0.038496 0.110851 0.000010 0.004242 0.846401
0.055084 0.000010 0.055619 0.023890 0.865397
0.000010 0.000010 0.999820 0.000150 0.000010
0.000012 0.999956 0.000010 0.000012 0.000010
0.000010 0.015576 0.954295 0.020048 0.010072
0.152095 0.047862 0.208982 0.057154 0.533907
0.098378 0.077622 0.080659 0.041994 0.701347
0.000010 0.000010 0.999960 0.000010 0.000010
0.241150 0.001185 0.253010 0.378874 0.125782
0.000010 0.825529 0.091848 0.000010 0.082603
0.092293 0.076034 0.147131 0.048338 0.636203
0.000010 0.920342 0.021371 0.002799 0.055479
0.057051 0.018573 0.472259 0.021630 0.430486
0.061966 0.006724 0.068840 0.005251 0.857219
0.000010 0.728108 0.000010 0.000010 0.271862
0.000010 0.013689 0.190312 0.000010 0.795979
0.007633 0.035025 0.000010 0.000010 0.957322
0.000010 0.000010 0.996920 0.003050 0.000010
0.097859 0.000031 0.026978 0.027534 0.847599
0.000010 0.000010 0.999960 0.000010 0.000010
0.155608 0.013977 0.032784 0.584754 0.212878
0.006962 0.000010 0.963977 0.015043 0.014008
0.009634 0.018326 0.900024 0.008376 0.063639
0.000010 0.018143 0.971683 0.000010 0.010155
0.999960 0.000010 0.000010 0.000010 0.000010
0.000010 0.999959 0.000010 0.000011 0.000010
0.129800 0.080205 0.144138 0.044331 0.601527
0.010059 0.000010 0.916836 0.022639 0.050456
0.000010 0.000010 0.000010 0.000010 0.999960
0.038125 0.388379 0.000010 0.024643 0.548843
0.058934 0.104737 0.074750 0.013996 0.747583
0.003643 0.105644 0.787665 0.005136 0.097911
0.068039 0.022587 0.378507 0.046363 0.484504
0.098261 0.031289 0.421091 0.037369 0.411990
0.000010 0.000015 0.999955 0.000010 0.000010
0.041833 0.043249 0.275394 0.010584 0.628940
0.000010 0.302009 0.643070 0.000010 0.054901
0.053103 0.041185 0.760702 0.011822 0.133188
0.020139 0.000010 0.000010 0.000010 0.979831
0.006216 0.178730 0.000010 0.003340 0.811704
0.036915 0.027178 0.819505 0.007565 0.108837
0.257428 0.067366 0.108327 0.054032 0.512847
0.000010 0.013026 0.983930 0.003024 0.000010
0.061412 0.027719 0.606629 0.031360 0.272879
0.054394 0.053502 0.364329 0.009327 0.518448
0.041928 0.000010 0.483404 0.010637 0.464021
0.063886 0.000010 0.084832 0.019795 0.831477
0.106807 0.042963 0.305436 0.059718 0.485077
0.116169 0.048702 0.456395 0.046520 0.332214
0.063230 0.000010 0.084122 0.020652 0.831987
0.050336 0.061911 0.000010 0.023956 0.863786
0.002240 0.032403 0.000010 0.000010 0.965337
0.119707 0.069916 0.240971 0.032826 0.536580
0.000010 0.000010 0.580690 0.000010 0.419280
0.146127 0.053322 0.220663 0.059553 0.520334
0.000010 0.001682 0.971698 0.000010 0.026600
0.000010 0.000010 0.000010 0.000010 0.999960
0.004670 0.028503 0.930375 0.000010 0.036442
0.387868 0.008714 0.355997 0.029888 0.217533
0.001202 0.008611 0.987075 0.000010 0.003102
0.023598 0.236032 0.000010 0.003371 0.736989
0.043221 0.023664 0.000010 0.014510 0.918595
0.109918 0.040194 0.176922 0.051744 0.621222
0.046759 0.062529 0.201176 0.014670 0.674865
0.000010 0.000010 0.000010 0.000010 0.999960
0.000010 0.992831 0.000010 0.000010 0.007139
0.063764 0.074763 0.012022 0.021489 0.827961
0.000010 0.000010 0.999960 0.000010 0.000010
0.016040 0.010280 0.933159 0.008726 0.031796
0.116000 0.062156 0.192416 0.046852 0.582576
0.009226 0.500451 0.000010 0.006302 0.484011
0.043532 0.002653 0.856052 0.004238 0.093526
0.101459 0.073424 0.033261 0.034551 0.757306
0.107600 0.048629 0.211333 0.055009 0.577429
0.115199 0.058625 0.186414 0.042739 0.597023
0.000010 0.000010 0.999960 0.000010 0.000010
0.000010 0.003273 0.996697 0.000010 0.000010
0.003811 0.002908 0.915471 0.001917 0.075893
0.156395 0.043252 0.706387 0.022606 0.071359
0.000010 0.003618 0.996352 0.000010 0.000010
0.000010 0.000010 0.777239 0.000010 0.222731
0.029875 0.210885 0.011809 0.009791 0.737639
0.028288 0.935498 0.000010 0.000444 0.035760
0.024578 0.000010 0.596024 0.007399 0.371989
0.063541 0.025483 0.625625 0.022456 0.262895
0.083748 0.034127 0.013947 0.028262 0.839916
0.616134 0.021753 0.078747 0.030015 0.253351
0.025990 0.642232 0.292802 0.003972 0.035004
0.000010 0.009204 0.987933 0.000010 0.002843
0.114565 0.047187 0.224076 0.060516 0.553656
0.013809 0.183767 0.202086 0.004818 0.595519
0.025656 0.004791 0.046356 0.016510 0.906687
0.117446 0.037364 0.276508 0.054242 0.514441
0.138614 0.060236 0.196886 0.062468 0.541796
0.011474 0.180652 0.067726 0.010815 0.729332
0.052497 0.081025 0.000010 0.012480 0.853988
0.006562 0.138086 0.680360 0.004274 0.170719
0.061559 0.183861 0.002125 0.019124 0.733331
0.000010 0.000010 0.999960 0.000010 0.000010
0.017080 0.000010 0.000010 0.007587 0.975313
0.107638 0.020567 0.477259 0.040389 0.354147
0.084082 0.063186 0.018903 0.017550 0.816279
0.152285 0.075759 0.160240 0.023782 0.587934
0.513563 0.000010 0.391787 0.035808 0.058832
0.000010 0.005130 0.994840 0.000010 0.000010
0.000010 0.016789 0.966930 0.004649 0.011622
0.009419 0.509733 0.197329 0.007982 0.275536
0.000010 0.000010 0.999960 0.000010 0.000010
0.112575 0.055328 0.203709 0.030658 0.597731
0.114990 0.053699 0.263356 0.070395 0.497560
0.099561 0.019362 0.017338 0.028997 0.834743
0.000014 0.999956 0.000010 0.000010 0.000010
0.000010 0.042910 0.000019 0.000010 0.957051
0.000010 0.000017 0.999953 0.000010 0.000010
0.029681 0.848160 0.000010 0.005815 0.116334
0.000010 0.697066 0.000010 0.000010 0.302904
0.101008 0.087066 0.042874 0.043423 0.725629
0.999960 0.000010 0.000010 0.000010 0.000010
0.466498 0.033671 0.026377 0.049793 0.423661
0.022828 0.067094 0.000010 0.021336 0.888732
0.000010 0.999960 0.000010 0.000010 0.000010
0.081527 0.014472 0.390866 0.016892 0.496244
0.065577 0.137423 0.046465 0.031155 0.719380
0.091329 0.051266 0.416847 0.044619 0.395939
0.065918 0.044828 0.271748 0.026035 0.591472
0.003632 0.011424 0.952058 0.002175 0.030711
0.229006 0.065161 0.058324 0.032789 0.614720
0.000010 0.025383 0.058800 0.000010 0.915797
0.015620 0.744243 0.000010 0.000010 0.240117
0.009137 0.000010 0.961587 0.000010 0.029256
0.083398 0.098804 0.015602 0.037312 0.764884
0.000010 0.011113 0.000010 0.000010 0.988857
0.003802 0.000010 0.995327 0.000852 0.000010
0.000010 0.979984 0.015575 0.000010 0.004422
0.765196 0.060104 0.000010 0.000010 0.174681
0.037906 0.000010 0.865532 0.005890 0.090663
0.088792 0.025586 0.484867 0.038522 0.362233
0.000010 0.057216 0.000010 0.000010 0.942754
0.104875 0.035630 0.389495 0.053286 0.416714
0.056670 0.061681 0.000010 0.024563 0.857076
0.017088 0.078811 0.399474 0.000163 0.504465
0.148977 0.055786 0.105347 0.043245 0.646646
0.056094 0.000010 0.096328 0.015624 0.831944
0.000010 0.999960 0.000010 0.000010 0.000010
0.041726 0.091954 0.019695 0.017308 0.829317
0.015062 0.864885 0.000010 0.000010 0.120033
0.061838 0.025485 0.356063 0.023005 0.533608
0.015077 0.449416 0.000010 0.014325 0.521173
0.038210 0.128342 0.000010 0.011328 0.822109
0.000010 0.002939 0.997031 0.000010 0.000010
0.247813 0.023787 0.166635 0.045824 0.515940
0.000010 0.254916 0.000010 0.000010 0.745054
0.080676 0.035855 0.563730 0.026894 0.292845
0.099635 0.061137 0.030543 0.040518 0.768167
0.057043 0.012861 0.062321 0.023550 0.844226
0.009868 0.016087 0.113126 0.002801 0.858119
0.181616 0.040817 0.174248 0.059796 0.543523
0.047263 0.037324 0.119911 0.015611 0.779891
0.999960 0.000010 0.000010 0.000010 0.000010
0.068572 0.000010 0.148616 0.041172 0.741630
0.003282 0.000010 0.996688 0.000010 0.000010
0.000010 0.000010 0.999960 0.000010 0.000010
0.210972 0.047275 0.116887 0.059274 0.565592
0.197089 0.046809 0.149856 0.048645 0.557601
0.088403 0.135810 0.007127 0.025799 0.742861
0.098203 0.040778 0.389525 0.044493 0.427001
0.109982 0.066236 0.294496 0.050621 0.478665
0.000010 0.000010 0.999960 0.000010 0.000010
0.000010 0.000010 0.999960 0.000010 0.000010
0.149626 0.064335 0.104534 0.034263 0.647242
0.000010 0.000010 0.999473 0.000497 0.000010
0.188011 0.046671 0.168698 0.052653 0.543967
0.170177 0.079037 0.126474 0.057303 0.567009
0.000010 0.003748 0.989057 0.005316 0.001869
0.000010 0.023927 0.000010 0.976043 0.000010
0.000010 0.000012 0.999958 0.000010 0.000010
0.000010 0.001522 0.998448 0.000010 0.000010
0.031012 0.055634 0.834188 0.000010 0.079156
0.052985 0.051725 0.002416 0.021436 0.871438
0.121008 0.016594 0.639881 0.021013 0.201504
0.000010 0.000010 0.999960 0.000010 0.000010
0.000010 0.000013 0.000010 0.999957 0.000010
0.039259 0.170177 0.281621 0.019282 0.489661
0.000010 0.000010 0.999960 0.000010 0.000010
0.039298 0.018583 0.000010 0.905308 0.036801
0.000010 0.000010 0.999957 0.000013 0.000010
0.000010 0.625795 0.000010 0.000010 0.374175
0.000010 0.000010 0.999960 0.000010 0.000010
0.000010 0.897650 0.070504 0.000010 0.031826
0.002845 0.007667 0.938169 0.000010 0.051309
0.000010 0.806111 0.180678 0.000010 0.013192
0.045901 0.000010 0.042073 0.029906 0.882110
0.000010 0.999960 0.000010 0.000010 0.000010
0.008421 0.010031 0.939279 0.002681 0.039587
0.810725 0.053721 0.000010 0.000010 0.135534
0.000010 0.000010 0.999960 0.000010 0.000010
0.018311 0.184304 0.238555 0.016051 0.542780
0.000010 0.999960 0.000010 0.000010 0.000010
0.010037 0.143998 0.060632 0.008146 0.777186
0.000010 0.000010 0.999960 0.000010 0.000010
0.000010 0.000010 0.999951 0.000019 0.000010
0.000010 0.848072 0.067041 0.000010 0.084867
0.000010 0.000010 0.999960 0.000010 0.000010
0.056874 0.073953 0.324786 0.020873 0.523514
0.029414 0.016735 0.018276 0.012682 0.922893
0.045944 0.136595 0.003650 0.008530 0.805281
0.046013 0.010350 0.828502 0.016448 0.098687
0.072393 0.000752 0.582956 0.020922 0.322976
0.164533 0.058397 0.160307 0.041095 0.575668
0.087195 0.111659 0.149820 0.059458 0.591867
0.114508 0.087629 0.123692 0.068211 0.605961
0.060300 0.050248 0.254505 0.029169 0.605777
0.000010 0.137667 0.000010 0.000010 0.862303
0.042224 0.000010 0.481510 0.009511 0.466745
0.038376 0.144914 0.000010 0.000010 0.816690
0.000010 0.000010 0.000010 0.000010 0.999960
0.003463 0.204539 0.000010 0.000505 0.791483
0.000010 0.000014 0.000010 0.999956 0.000010
0.000011 0.000014 0.000014 0.999951 0.000010
0.032390 0.670231 0.030376 0.036161 0.230842
0.006740 0.584874 0.081926 0.003351 0.323110
0.000010 0.000010 0.000010 0.999960 0.000010
0.000010 0.000010 0.999960 0.000010 0.000010
0.204172 0.023090 0.107131 0.032056 0.633551
0.088634 0.503304 0.013944 0.021633 0.372486
0.000010 0.999960 0.000010 0.000010 0.000010
0.169750 0.084362 0.077976 0.033591 0.634321
0.436310 0.000010 0.520869 0.030713 0.012098
0.031848 0.461146 0.000010 0.007664 0.499333
0.115713 0.000010 0.000010 0.001500 0.882767
0.106328 0.017609 0.639830 0.020226 0.216007
0.000010 0.000010 0.999960 0.000010 0.000010
0.015360 0.021392 0.624938 0.002902 0.335408
0.012051 0.009044 0.937799 0.007970 0.033136
0.000010 0.941674 0.051144 0.000010 0.007162
0.040169 0.058090 0.802843 0.011643 0.087255
0.105378 0.069276 0.209014 0.056522 0.559810
0.114530 0.075795 0.126352 0.044638 0.638685
0.150965 0.053979 0.031301 0.033359 0.730397
0.074319 0.061508 0.220005 0.021454 0.622713
0.035383 0.069645 0.077750 0.017437 0.799784
0.000010 0.978099 0.000010 0.000010 0.021871
0.026672 0.934898 0.000010 0.002848 0.035571
0.007703 0.010223 0.946125 0.013636 0.022313
0.128222 0.058434 0.214383 0.053306 0.545655
0.112603 0.041415 0.391503 0.045596 0.408883
0.084537 0.140742 0.323343 0.041810 0.409567
0.000010 0.000010 0.000010 0.999960 0.000010
0.000010 0.999960 0.000010 0.000010 0.000010
0.070360 0.015559 0.442601 0.034203 0.437278
0.001327 0.016027 0.940640 0.000863 0.041142
0.004822 0.471655 0.000010 0.000010 0.523503
0.055419 0.023188 0.746502 0.016282 0.158608
0.000010 0.000010 0.000010 0.999960 0.000010
0.000010 0.031250 0.848704 0.006203 0.113832
0.006931 0.017729 0.896832 0.001764 0.076744
0.127027 0.038552 0.007426 0.030865 0.796130
0.000010 0.000010 0.000010 0.000010 0.999960
0.013548 0.013989 0.104579 0.010667 0.857217
0.027561 0.049469 0.277563 0.000427 0.644980
0.164904 0.052168 0.216637 0.067635 0.498656
0.143677 0.040712 0.061649 0.032028 0.721934
0.163867 0.036713 0.678945 0.028893 0.091581
0.009814 0.034352 0.464655 0.001817 0.489363
0.013456 0.563406 0.000010 0.005645 0.417483
0.013100 0.033532 0.872929 0.007634 0.072805
0.000010 0.064919 0.000010 0.000010 0.935051
0.000010 0.873735 0.000010 0.000010 0.126235
0.126361 0.072195 0.094739 0.041593 0.665112
0.000010 0.999960 0.000010 0.000010 0.000010
0.126178 0.049346 0.186874 0.042877 0.594726
0.062478 0.241961 0.017851 0.024985 0.652726
0.107367 0.065861 0.207886 0.056139 0.562747
0.000010 0.214029 0.023193 0.000010 0.762757
0.025968 0.021193 0.836243 0.019127 0.097470
0.141765 0.050858 0.200650 0.065839 0.540888
0.929011 0.014066 0.000010 0.011989 0.044924
0.011427 0.021264 0.910237 0.001449 0.055623
0.033930 0.032113 0.824836 0.022437 0.086684
0.000010 0.000010 0.000010 0.999960 0.000010
0.112967 0.061171 0.234799 0.048923 0.542139
0.204948 0.043227 0.157322 0.050097 0.544406
0.000010 0.000010 0.000010 0.999960 0.000010
0.000010 0.880994 0.000010 0.000010 0.118976
0.172434 0.140438 0.027720 0.017370 0.642038
0.919127 0.011069 0.000010 0.007521 0.062273
0.056441 0.021503 0.805700 0.008626 0.107730
0.101654 0.047644 0.166734 0.053209 0.630758
0.027962 0.052080 0.729553 0.010247 0.180158
0.066662 0.334779 0.021439 0.016067 0.561054
0.022132 0.021914 0.427782 0.000222 0.527950
0.000010 0.003687 0.980202 0.000291 0.015810
0.234287 0.021241 0.276794 0.261622 0.206056
0.008011 0.211334 0.002453 0.000010 0.778192
0.065559 0.083093 0.027114 0.017048 0.807186
0.000010 0.999960 0.000010 0.000010 0.000010
0.119364 0.071952 0.221308 0.051657 0.535719
0.000010 0.042995 0.320295 0.002065 0.634634
0.000010 0.952608 0.047362 0.000010 0.000010
0.005374 0.044828 0.115765 0.005560 0.828473
0.687300 0.058063 0.013811 0.005369 0.235457
0.079462 0.055890 0.300879 0.021299 0.542469
0.301597 0.012436 0.589329 0.013687 0.082951
0.131622 0.064644 0.291329 0.040843 0.471562
0.175402 0.059105 0.160135 0.051546 0.553812
0.105812 0.000010 0.890387 0.003781 0.000010
0.051666 0.035151 0.659820 0.014707 0.238656
0.068018 0.141488 0.040069 0.025561 0.724864
0.013359 0.188262 0.000010 0.002226 0.796143
0.006972 0.029237 0.899482 0.010182 0.054127
0.000010 0.034088 0.000010 0.000010 0.965882
0.023422 0.048676 0.843380 0.007575 0.076947
0.060562 0.000010 0.055043 0.017438 0.866947
0.139049 0.024391 0.029232 0.031895 0.775434
0.027965 0.007983 0.676227 0.007461 0.280364
0.113154 0.047780 0.352420 0.064550 0.422096
0.000010 0.015912 0.427594 0.000010 0.556474
0.175082 0.018239 0.643934 0.032034 0.130712
0.028759 0.062812 0.782770 0.000010 0.125649
0.018697 0.012606 0.298062 0.009443 0.661191
0.108811 0.055115 0.294273 0.055603 0.486198
0.011284 0.016377 0.000010 0.951443 0.020886
0.044488 0.064857 0.000010 0.013799 0.876846
0.014053 0.009835 0.310922 0.002939 0.662251
0.050160 0.007279 0.770383 0.004797 0.167381
0.011397 0.512167 0.000010 0.010351 0.466075
0.059125 0.444145 0.000010 0.018052 0.478668
0.134453 0.011555 0.055922 0.016243 0.781826
0.045417 0.237288 0.000010 0.010047 0.707238
0.012789 0.899044 0.009269 0.003426 0.075472
0.000010 0.999960 0.000010 0.000010 0.000010
0.990363 0.009607 0.000010 0.000010 0.000010
0.033513 0.034154 0.798589 0.005881 0.127863
0.028157 0.495252 0.000010 0.008613 0.467967
0.106686 0.039035 0.483723 0.025870 0.344686
0.070814 0.222839 0.111962 0.063649 0.530736
0.000010 0.955592 0.000010 0.000010 0.044378
0.057669 0.095302 0.018942 0.017087 0.811000
0.141916 0.052887 0.110208 0.050306 0.644683
0.970829 0.009480 0.000010 0.003333 0.016348
0.078468 0.092983 0.009127 0.014616 0.804807
0.087645 0.100424 0.000010 0.018149 0.793771
0.049814 0.129470 0.233012 0.024535 0.563170
0.003583 0.042145 0.000010 0.000010 0.954252
0.037888 0.003887 0.089894 0.002711 0.865619
0.075936 0.147877 0.070734 0.030962 0.674491
0.016981 0.000010 0.000010 0.000010 0.982989
0.338988 0.014155 0.163943 0.030415 0.452498
0.002506 0.014623 0.204648 0.002735 0.775488
0.000010 0.771125 0.154818 0.001548 0.072498
0.000010 0.000010 0.000010 0.000010 0.999960
0.033950 0.084552 0.000010 0.011643 0.869845
0.972324 0.023094 0.000010 0.000010 0.004562
0.600288 0.017550 0.110771 0.060719 0.210672
0.007662 0.017326 0.004829 0.000010 0.970173
0.082332 0.055055 0.252187 0.056347 0.554079
0.059332 0.042231 0.723790 0.020701 0.153946
0.137482 0.000010 0.380609 0.008845 0.473054
0.000010 0.003066 0.996904 0.000010 0.000010
0.000010 0.893766 0.102390 0.003824 0.000010
0.086683 0.120453 0.028138 0.019534 0.745192
0.056748 0.104989 0.285374 0.023099 0.529790
0.008474 0.054781 0.603700 0.013206 0.319839
0.082040 0.073933 0.022979 0.033398 0.787650
0.000010 0.809729 0.165269 0.000010 0.024982
0.787956 0.023577 0.000010 0.003861 0.184596
0.013743 0.424851 0.000010 0.002561 0.558835
0.067795 0.042015 0.228051 0.026635 0.635504
0.075333 0.005408 0.874100 0.006118 0.039040
0.001966 0.656268 0.209267 0.006532 0.125967
0.220941 0.003860 0.237138 0.439881 0.098180
0.138115 0.058555 0.132252 0.047330 0.623747
0.194892 0.060832 0.284932 0.051772 0.407571
0.026635 0.224885 0.258014 0.000010 0.490457
0.003989 0.061570 0.000010 0.000010 0.934421
0.074089 0.022435 0.019073 0.012753 0.871650
0.122701 0.047686 0.264639 0.026737 0.538236
0.112042 0.065223 0.224080 0.065041 0.533614
0.077315 0.049258 0.375618 0.035890 0.461919
0.062569 0.032057 0.049324 0.021905 0.834145
0.047371 0.125352 0.005734 0.016010 0.805534
0.000010 0.057530 0.395288 0.000010 0.547162
0.389169 0.012507 0.396191 0.032341 0.169792
0.144198 0.057306 0.134775 0.056716 0.607006
0.000011 0.726334 0.000010 0.000010 0.273635
0.000010 0.845914 0.132659 0.000010 0.021407
0.053466 0.097263 0.034943 0.019412 0.794916
0.045161 0.009877 0.938382 0.006569 0.000010
0.161518 0.081326 0.119206 0.017445 0.620505
0.044088 0.041306 0.052350 0.015258 0.846997
0.000010 0.003671 0.071551 0.000010 0.924757
0.101439 0.025201 0.087838 0.686638 0.098886
0.726183 0.037086 0.024439 0.043936 0.168357
0.002630 0.035139 0.340414 0.000010 0.621806
0.104572 0.094699 0.068149 0.049732 0.682849
0.104737 0.000010 0.000010 0.895233 0.000010
0.000010 0.000010 0.000011 0.000010 0.999959
0.167792 0.076338 0.085422 0.031540 0.638908
0.061253 0.083448 0.006145 0.015013 0.834141
0.018299 0.049554 0.020605 0.004120 0.907422
0.067471 0.207505 0.018865 0.029592 0.676567
0.000010 0.000010 0.808176 0.000010 0.191794
0.000010 0.000010 0.000010 0.000010 0.999960
0.961150 0.011012 0.000010 0.012885 0.014942
0.027298 0.010779 0.857738 0.003886 0.100298
0.004288 0.054358 0.000010 0.000010 0.941334
0.067071 0.039412 0.427156 0.036217 0.430145
0.003860 0.388117 0.410680 0.008804 0.188539
0.094906 0.098835 0.061434 0.034113 0.710711
0.037879 0.031860 0.827047 0.002983 0.100231
0.135874 0.084665 0.131555 0.053778 0.594129
0.161275 0.061161 0.102488 0.034927 0.640148
0.057505 0.232579 0.013655 0.014262 0.681998
0.070609 0.097735 0.236302 0.029778 0.565577
0.077094 0.053511 0.375461 0.035166 0.458768
0.003629 0.014312 0.892392 0.024740 0.064927
0.048188 0.202225 0.026699 0.017449 0.705439
0.910057 0.015308 0.000010 0.005649 0.068976
0.493682 0.029241 0.112826 0.044651 0.319601
0.014618 0.154601 0.678817 0.005363 0.146601
0.958479 0.000010 0.000010 0.015737 0.025764
0.000010 0.000010 0.999960 0.000010 0.000010
0.046339 0.010780 0.486663 0.018909 0.437309
0.095222 0.054121 0.399104 0.044660 0.406893
0.000018 0.006044 0.000010 0.000010 0.993918
0.133096 0.075514 0.102221 0.044403 0.644766
0.102432 0.054950 0.112554 0.037822 0.692243
0.020905 0.016860 0.902788 0.005885 0.053562
0.062565 0.083911 0.000010 0.004935 0.848579
0.075627 0.037977 0.608410 0.019842 0.258143
0.016878 0.014326 0.078193 0.009422 0.881181
0.143073 0.116033 0.096381 0.028572 0.615941
0.055213 0.000010 0.000609 0.013799 0.930369
0.895315 0.016045 0.015655 0.002046 0.070939
0.000010 0.060855 0.000010 0.001367 0.937758
0.112490 0.091611 0.153390 0.056671 0.585838
0.028449 0.013467 0.917322 0.008254 0.032508
0.109205 0.045109 0.194489 0.130840 0.520357
0.000010 0.952209 0.027866 0.000010 0.019905
0.083644 0.018608 0.206692 0.027041 0.664015
0.012500 0.019939 0.941580 0.000010 0.025971
0.138456 0.079303 0.106241 0.054222 0.621779
0.045276 0.028632 0.795620 0.012905 0.117567
0.038641 0.065259 0.681992 0.003587 0.210521
0.119074 0.024799 0.513180 0.027810 0.315138
0.366261 0.010369 0.337690 0.049746 0.235934
0.999957 0.000012 0.000011 0.000010 0.000010
0.192747 0.046680 0.142093 0.045379 0.573100
0.301967 0.034506 0.191776 0.057744 0.414007
0.000010 0.114128 0.885842 0.000010 0.000010
0.092568 0.049709 0.292174 0.059164 0.506385
0.008343 0.972724 0.000010 0.000010 0.018912
0.005809 0.014330 0.961903 0.000832 0.017125
0.109775 0.066431 0.196120 0.055618 0.572056
0.065897 0.175120 0.065426 0.025990 0.667567
0.110022 0.104220 0.094212 0.031893 0.659653
0.032067 0.468155 0.000010 0.011896 0.487872
0.022474 0.791445 0.039352 0.005092 0.141637
0.072856 0.039801 0.629887 0.007248 0.250208
0.000010 0.916813 0.000010 0.000010 0.083157
0.073867 0.026115 0.583524 0.030881 0.285613
0.000010 0.943940 0.002200 0.000010 0.053840
0.000010 0.951759 0.000010 0.000010 0.048211
0.813520 0.027297 0.079724 0.000010 0.079449
0.000016 0.505405 0.000010 0.000010 0.494559
0.000010 0.013606 0.956684 0.001810 0.027890
0.000010 0.999960 0.000010 0.000010 0.000010
0.052052 0.000285 0.167684 0.010142 0.769836
0.075623 0.040714 0.545694 0.027060 0.310909
0.007658 0.105681 0.000010 0.005106 0.881545
0.024767 0.790865 0.086297 0.011496 0.086575
0.134617 0.086481 0.093983 0.039710 0.645208
0.000010 0.002721 0.983330 0.000010 0.013929
0.176694 0.062832 0.155272 0.042407 0.562796
0.027124 0.066911 0.348478 0.016883 0.540604
0.099710 0.111781 0.258527 0.029916 0.500067
0.109521 0.074276 0.102549 0.054169 0.659486
0.039693 0.002435 0.860484 0.006123 0.091265
0.140596 0.070162 0.088439 0.042402 0.658402
0.069400 0.028309 0.594850 0.026710 0.280731
0.047797 0.493073 0.000010 0.001932 0.457188
0.139408 0.000010 0.375980 0.009059 0.475543
0.000010 0.906863 0.000010 0.000010 0.093107
0.023063 0.030295 0.888536 0.004854 0.053253
0.163623 0.026926 0.726013 0.002431 0.081007
0.016904 0.075652 0.804408 0.000010 0.103026
0.013241 0.015706 0.000010 0.931220 0.039822
0.011664 0.044354 0.096495 0.000010 0.847477
0.038056 0.026187 0.878830 0.006678 0.050249
0.002911 0.452439 0.000010 0.001702 0.542938
0.076607 0.083414 0.261542 0.028322 0.550114
0.999959 0.000011 0.000010 0.000010 0.000010
0.108665 0.044197 0.267737 0.063090 0.516311
0.000010 0.000010 0.000010 0.000010 0.999960
0.000010 0.036564 0.029370 0.000010 0.934047
0.124820 0.051074 0.180287 0.041059 0.602759
0.087961 0.081841 0.135801 0.054387 0.640010
0.000010 0.062144 0.446938 0.000010 0.490897
0.875710 0.008700 0.000010 0.015801 0.099779
0.118272 0.049144 0.014100 0.016754 0.801729
0.169600 0.076918 0.106122 0.052071 0.595290
0.272214 0.036581 0.246396 0.017221 0.427588
0.068597 0.081935 0.023135 0.019400 0.806933
0.000010 0.061343 0.000010 0.000010 0.938627
0.104831 0.059406 0.306276 0.061296 0.468192
0.081898 0.114486 0.360213 0.023635 0.419767
0.001276 0.069976 0.000010 0.000010 0.928728
0.010654 0.017038 0.915164 0.003901 0.053243
0.000010 0.024565 0.928101 0.005463 0.041861
0.023655 0.457880 0.000010 0.013997 0.504459
0.169583 0.090028 0.130266 0.053341 0.556782
0.000010 0.728326 0.000010 0.011780 0.259874
0.003503 0.735241 0.189517 0.006705 0.065034
0.000010 0.472880 0.439505 0.009182 0.078424
0.061287 0.068665 0.487232 0.009428 0.373387
0.000010 0.000012 0.000010 0.999958 0.000010
0.000177 0.070887 0.000010 0.000010 0.928916
0.999956 0.000010 0.000014 0.000010 0.000010
0.394966 0.022268 0.199377 0.064221 0.319168
0.135146 0.058143 0.214485 0.054739 0.537488
0.000010 0.000010 0.998758 0.001212 0.000010
0.999960 0.000010 0.000010 0.000010 0.000010
0.449930 0.078717 0.046765 0.081071 0.343516
0.099421 0.056738 0.230258 0.061878 0.551705
0.114256 0.097073 0.162416 0.042176 0.584079
0.011127 0.018880 0.000010 0.964128 0.005855
0.004628 0.022279 0.908542 0.000598 0.063954
0.000010 0.371395 0.007609 0.000010 0.620976
0.128084 0.060501 0.263207 0.040514 0.507694
0.000165 0.035727 0.000010 0.000010 0.964088
0.340977 0.017297 0.403008 0.040223 0.198495
0.132966 0.051134 0.207292 0.061156 0.547453
0.945687 0.016891 0.000011 0.000010 0.037401
0.042102 0.071591 0.000010 0.014296 0.872002
0.133834 0.053094 0.658078 0.022764 0.132231
0.109244 0.118791 0.158111 0.027203 0.586650
0.000010 0.049257 0.000010 0.000010 0.950713
0.018570 0.040582 0.805721 0.010003 0.125124
0.000010 0.008780 0.000010 0.991190 0.000010
0.000010 0.099611 0.400432 0.000010 0.499938
0.037813 0.021193 0.865720 0.000010 0.075264
0.039019 0.015652 0.024570 0.905282 0.015478
0.003073 0.003677 0.965594 0.002285 0.025371
0.004806 0.024016 0.155835 0.004009 0.811335
0.027388 0.053023 0.216285 0.011303 0.692001
0.000010 0.557087 0.442883 0.000010 0.000010
0.000010 0.000010 0.062891 0.000010 0.937079
0.016636 0.040944 0.828184 0.000777 0.113460
0.000010 0.334858 0.528403 0.000010 0.136719
0.000011 0.000010 0.997572 0.002397 0.000010
0.000010 0.000010 0.980788 0.000294 0.018898
0.050791 0.007919 0.134854 0.037069 0.769368
0.000010 0.548332 0.000010 0.000010 0.451638
0.040517 0.247040 0.091814 0.013725 0.606904
0.125417 0.015672 0.768435 0.018107 0.072368
0.043208 0.021669 0.000010 0.931532 0.003581
0.944144 0.013053 0.000010 0.010333 0.032460
0.035500 0.016028 0.853728 0.003459 0.091285
0.000010 0.760296 0.173211 0.000010 0.066473
0.132542 0.019765 0.638808 0.026575 0.182309
0.089389 0.055529 0.648026 0.007305 0.199751
0.000010 0.913084 0.000010 0.000010 0.086886
0.021615 0.718474 0.002810 0.006671 0.250430
0.100890 0.176832 0.038363 0.015072 0.668843
0.153491 0.069635 0.142263 0.057941 0.576670
0.023025 0.038698 0.777509 0.017376 0.143391
0.176074 0.077440 0.169474 0.050634 0.526377
0.000010 0.466702 0.000010 0.000010 0.533268
0.122856 0.043237 0.491133 0.027170 0.315604
0.999960 0.000010 0.000010 0.000010 0.000010
0.115474 0.056850 0.310022 0.045767 0.471888
0.131038 0.054721 0.099710 0.036843 0.677689
0.036576 0.017549 0.871614 0.000010 0.074251
0.012631 0.047898 0.783467 0.008320 0.147684
0.047382 0.433569 0.175759 0.015748 0.327542
0.077205 0.075803 0.096261 0.015220 0.735511
0.000143 0.014286 0.984203 0.001358 0.000010
0.000010 0.006534 0.993436 0.000010 0.000010
0.000010 0.767004 0.017192 0.000010 0.215784
0.012594 0.083730 0.000010 0.000010 0.903655
0.401666 0.020628 0.172298 0.067330 0.338078
0.076004 0.023950 0.813391 0.010083 0.076572
0.099238 0.041770 0.438467 0.041651 0.378874
0.031913 0.338351 0.092127 0.014265 0.523344
0.200343 0.051739 0.174499 0.059168 0.514251
0.013376 0.425615 0.018661 0.000695 0.541654
0.110458 0.080209 0.055828 0.021869 0.731636
0.653365 0.031161 0.049852 0.000010 0.265612
0.209859 0.082559 0.125193 0.058264 0.524125
0.657560 0.065785 0.005474 0.016287 0.254894
0.000010 0.877000 0.041344 0.000010 0.081636
0.119309 0.017606 0.124894 0.543642 0.194548
0.006894 0.041762 0.850887 0.003062 0.097396
0.000010 0.007796 0.992174 0.000010 0.000010
0.155550 0.063551 0.101180 0.033081 0.646638
0.000010 0.083952 0.000010 0.000010 0.916018
0.000010 0.999960 0.000010 0.000010 0.000010
0.000010 0.000010 0.000010 0.000010 0.999960
0.039784 0.051301 0.576162 0.022084 0.310670
0.088711 0.051060 0.136426 0.019352 0.704452
0.190308 0.033951 0.095059 0.030655 0.650027
0.005011 0.432565 0.000010 0.002977 0.559437
0.033534 0.031891 0.770140 0.018745 0.145690
0.061879 0.080721 0.235219 0.021553 0.600627
0.190510 0.013873 0.064139 0.513437 0.218041
0.038775 0.336904 0.025284 0.017258 0.581780
0.139942 0.179096 0.107802 0.021008 0.552152
0.019556 0.017318 0.173240 0.000010 0.789876
0.999960 0.000010 0.000010 0.000010 0.000010
0.146969 0.080866 0.076680 0.036940 0.658546
0.074122 0.000010 0.000010 0.925848 0.000010
0.001792 0.061669 0.000010 0.000010 0.936519
0.042958 0.014572 0.728490 0.015708 0.198272
0.011876 0.136243 0.726807 0.001713 0.123360
0.016641 0.011420 0.000010 0.958468 0.013461
0.116422 0.045718 0.067247 0.033935 0.736678
0.000010 0.006571 0.427490 0.004064 0.561865
0.063866 0.027455 0.620174 0.022492 0.266012
0.098890 0.086624 0.175242 0.028761 0.610483
0.000010 0.000010 0.000010 0.000010 0.999960
0.001919 0.006520 0.983478 0.000010 0.008073
0.000010 0.999960 0.000010 0.000010 0.000010
0.000010 0.073946 0.000010 0.000010 0.926024
0.077457 0.315045 0.418874 0.022511 0.166113
0.005860 0.000011 0.968027 0.000010 0.026092
0.000808 0.040573 0.000010 0.000010 0.958599
0.525974 0.048080 0.033249 0.079832 0.312865
0.738972 0.019459 0.050637 0.045903 0.145028
0.000010 0.000010 0.999958 0.000012 0.000010
0.228008 0.054330 0.226809 0.041395 0.449458
0.055446 0.356103 0.059010 0.018008 0.511433
0.087885 0.078835 0.028184 0.024841 0.780256
0.149839 0.020608 0.725436 0.023174 0.080942
0.020993 0.053615 0.000010 0.003947 0.921434
0.002102 0.071338 0.088458 0.000010 0.838093
0.000010 0.569926 0.430044 0.000010 0.000010
0.988333 0.011637 0.000010 0.000010 0.000010
0.104433 0.042424 0.000010 0.019925 0.833208
0.106863 0.062973 0.089226 0.036900 0.704038
0.000012 0.999958 0.000010 0.000010 0.000010
0.117361 0.011981 0.805285 0.015690 0.049682
0.156511 0.147163 0.087315 0.014000 0.595012
0.000010 0.039268 0.000010 0.000010 0.960702
0.177188 0.061132 0.083797 0.033432 0.644450
0.002208 0.043983 0.000010 0.000010 0.953789
0.005271 0.922023 0.000010 0.000010 0.072686
0.082891 0.508190 0.037532 0.031867 0.339519
0.103708 0.023123 0.009307 0.015375 0.848488
0.058972 0.004221 0.440397 0.009611 0.486799
0.000018 0.962559 0.000010 0.000010 0.037403
0.036738 0.087187 0.124338 0.000010 0.751727
0.014819 0.489927 0.000010 0.000010 0.495234
0.000010 0.017172 0.009398 0.000010 0.973410
0.000010 0.000010 0.000010 0.999960 0.000010
0.165661 0.041819 0.089042 0.032702 0.670777
0.165810 0.071041 0.133690 0.059626 0.569833
0.000011 0.999959 0.000010 0.000010 0.000010
0.043874 0.125436 0.315641 0.011834 0.503215
0.142005 0.038641 0.360061 0.046898 0.412395
0.027360 0.079253 0.000010 0.000010 0.893368
0.385949 0.029137 0.280538 0.036041 0.268335
0.012210 0.987760 0.000010 0.000010 0.000010
0.367105 0.011866 0.379071 0.036133 0.205824
0.031067 0.055643 0.076446 0.017304 0.819540
0.191840 0.040030 0.273472 0.057595 0.437062
0.114680 0.063637 0.237520 0.052983 0.531180
0.000010 0.456228 0.000010 0.000010 0.543742
0.050198 0.123528 0.022483 0.022548 0.781244
0.059937 0.017012 0.876632 0.008384 0.038036
0.000010 0.171364 0.000010 0.003973 0.824643
0.000010 0.000010 0.000010 0.999960 0.000010
0.021940 0.053423 0.427732 0.022174 0.474731
0.014249 0.005611 0.000010 0.943346 0.036784
0.000010 0.286983 0.580469 0.020647 0.111891
0.132821 0.045085 0.231788 0.048556 0.541749
0.999960 0.000010 0.000010 0.000010 0.000010
0.000010 0.057691 0.452833 0.000010 0.489456
0.999960 0.000010 0.000010 0.000010 0.000010
0.023242 0.003019 0.000010 0.017135 0.956595
0.000831 0.609981 0.389168 0.000010 0.000010
0.001884 0.596822 0.399276 0.000010 0.002008
0.000010 0.000010 0.000010 0.000010 0.999960
0.139974 0.033189 0.411469 0.034038 0.381331
0.152879 0.138382 0.104365 0.054073 0.550301
0.000010 0.054919 0.281246 0.000010 0.663815
0.000010 0.006316 0.000010 0.993654 0.000010
0.120186 0.046798 0.377492 0.040177 0.415346
0.000010 0.003323 0.994954 0.001704 0.000010
0.013096 0.755102 0.193076 0.006574 0.032152
0.014787 0.887991 0.000010 0.000010 0.097202
0.124846 0.009806 0.813949 0.009065 0.042333
0.094487 0.059636 0.265674 0.071983 0.508221
0.007146 0.454771 0.000010 0.003978 0.534094
0.129438 0.046769 0.060498 0.044782 0.718514
0.000010 0.696363 0.009624 0.000010 0.293992
0.012006 0.005178 0.924936 0.013635 0.044246
0.000010 0.146905 0.000010 0.000010 0.853065
0.023068 0.742432 0.157608 0.001690 0.075203
0.053198 0.000010 0.047754 0.023954 0.875084
0.013135 0.014905 0.939415 0.000010 0.032534
0.127969 0.035574 0.294391 0.055237 0.486829
0.010930 0.120916 0.786948 0.000010 0.081196
0.542562 0.062919 0.011232 0.016722 0.366565
0.111146 0.061868 0.056638 0.024407 0.745940
0.006146 0.717199 0.194989 0.000010 0.081657
0.179130 0.078945 0.120001 0.035154 0.586770
0.041938 0.639245 0.000010 0.000010 0.318797
0.034359 0.056711 0.815950 0.004472 0.088508
0.027471 0.013836 0.848312 0.013422 0.096959
0.005188 0.013145 0.885407 0.007106 0.089154
0.000010 0.000010 0.000010 0.000010 0.999960
0.000010 0.000010 0.999960 0.000010 0.000010
0.018265 0.115752 0.000010 0.005551 0.860422
0.000010 0.816281 0.013433 0.000010 0.170266
0.040125 0.030979 0.000010 0.835123 0.093763
0.050115 0.050131 0.107380 0.015696 0.776678
0.000010 0.978692 0.000010 0.000010 0.021278
0.002180 0.013858 0.963797 0.000010 0.020155
0.176367 0.052037 0.163544 0.058675 0.549376
0.000010 0.512439 0.480559 0.000010 0.006981
0.000010 0.883180 0.000010 0.000010 0.116790
0.035027 0.021034 0.000010 0.911608 0.032322
0.026584 0.008685 0.889352 0.000010 0.075368
0.000010 0.001622 0.985348 0.001234 0.011786
0.105367 0.056161 0.386210 0.032289 0.419973
0.000010 0.000010 0.000010 0.000010 0.999960
0.000010 0.999960 0.000010 0.000010 0.000010
0.080165 0.087632 0.034477 0.028338 0.769389
0.999953 0.000015 0.000010 0.000012 0.000010
0.031356 0.040994 0.710336 0.033421 0.183893
0.027847 0.001199 0.000010 0.004130 0.966814
0.000010 0.046577 0.329384 0.000010 0.624019
0.039136 0.446868 0.024501 0.035305 0.454189
0.015300 0.054593 0.000010 0.012004 0.918093
0.074289 0.088307 0.001411 0.011495 0.824498
0.000010 0.894835 0.000010 0.000010 0.105135
0.162321 0.015177 0.050415 0.546094 0.225991
0.000012 0.000010 0.000010 0.999958 0.000010
0.087892 0.095734 0.039811 0.032480 0.744083
0.089789 0.098578 0.345879 0.047215 0.418538
0.008641 0.510554 0.000010 0.000010 0.480785
0.213033 0.049243 0.161445 0.058058 0.518221
0.000010 0.019299 0.979277 0.000010 0.001404
0.000556 0.647586 0.000010 0.001872 0.349976
0.105442 0.088871 0.030504 0.032282 0.742901
0.057020 0.057511 0.061212 0.015276 0.808981
0.007683 0.033931 0.000010 0.000010 0.958365
0.000010 0.021934 0.000010 0.000010 0.978036
0.999960 0.000010 0.000010 0.000010 0.000010
0.999957 0.000011 0.000012 0.000010 0.000010
0.054878 0.254369 0.025571 0.012673 0.652510
0.083174 0.060820 0.296747 0.035246 0.524013
0.000010 0.038178 0.243631 0.000010 0.718171
0.000010 0.651799 0.348171 0.000010 0.000010
0.975455 0.007062 0.000010 0.000010 0.017463
0.000010 0.067631 0.501625 0.000010 0.430724
0.184607 0.031900 0.633928 0.029924 0.119641
0.000010 0.015410 0.979048 0.003291 0.002242
0.012841 0.003321 0.000010 0.983818 0.000010
0.078788 0.057420 0.402418 0.040374 0.421000
0.207356 0.328709 0.177709 0.014155 0.272071
0.110373 0.059146 0.273516 0.061669 0.495296
0.000010 0.066733 0.000010 0.000010 0.933237
0.044197 0.167493 0.554331 0.017074 0.216904
0.000010 0.004523 0.995446 0.000011 0.000010
0.080608 0.091661 0.019413 0.042572 0.765746
0.052581 0.241320 0.048621 0.017514 0.639963
0.002704 0.010020 0.987256 0.000010 0.000010
0.075779 0.210211 0.171411 0.026351 0.516247
0.114501 0.072447 0.213264 0.061324 0.538464
0.051943 0.043373 0.056147 0.004857 0.843681
0.000010 0.037273 0.490236 0.000010 0.472471
0.001585 0.330862 0.508773 0.000010 0.158770
0.080184 0.186953 0.045252 0.033728 0.653883
0.023304 0.247534 0.107087 0.030775 0.591301
0.000012 0.999958 0.000010 0.000010 0.000010
0.105395 0.064397 0.253072 0.060623 0.516513
0.008932 0.178402 0.057767 0.010947 0.743952
0.002999 0.458661 0.000010 0.000010 0.538320
0.015491 0.022599 0.211414 0.005543 0.744953
0.059292 0.022873 0.674467 0.016738 0.226630
0.114834 0.056764 0.186766 0.069038 0.572598
0.000010 0.812669 0.000010 0.000010 0.187301
0.020534 0.475148 0.000010 0.012923 0.491385
0.111868 0.088500 0.122803 0.043765 0.633064
0.343853 0.035575 0.000010 0.029654 0.590907
0.025890 0.029068 0.000010 0.921633 0.023400
0.001751 0.898152 0.004354 0.006131 0.089612
0.013537 0.020162 0.940656 0.000010 0.025636
0.006810 0.337819 0.000010 0.000010 0.655351
0.038030 0.194381 0.021151 0.025200 0.721238
0.009379 0.145036 0.675075 0.000010 0.170500
0.015479 0.151836 0.000010 0.008134 0.824540
0.112951 0.080122 0.078446 0.039327 0.689155
0.102312 0.006859 0.848260 0.004122 0.038447
0.000010 0.093216 0.259333 0.000010 0.647430
0.138544 0.067876 0.215696 0.100704 0.477180
0.096076 0.035596 0.445880 0.043496 0.378952
0.999956 0.000014 0.000010 0.000010 0.000010
0.006237 0.024259 0.860087 0.005950 0.103467
0.999958 0.000010 0.000012 0.000010 0.000010
0.000010 0.028087 0.000010 0.000010 0.971883
0.000010 0.755110 0.000010 0.000010 0.244860
0.073786 0.112019 0.000010 0.015251 0.798935
0.000010 0.006841 0.993129 0.000010 0.000010
0.000010 0.999960 0.000010 0.000010 0.000010
0.013433 0.078676 0.304725 0.012423 0.590743
0.058589 0.027313 0.679129 0.016366 0.218603
0.026293 0.031297 0.831061 0.002268 0.109081
0.000013 0.976203 0.016280 0.000010 0.007493
0.086772 0.072305 0.037201 0.027100 0.776622
0.000010 0.019098 0.889652 0.015358 0.075881
0.109377 0.064347 0.142980 0.031914 0.651382
0.048704 0.063734 0.000010 0.019568 0.867984
0.127814 0.006279 0.000010 0.016374 0.849522
0.146659 0.038843 0.076215 0.041939 0.696344
0.293993 0.024168 0.358018 0.036459 0.287362
0.123711 0.082370 0.061317 0.029604 0.702999
0.111163 0.100562 0.105867 0.045337 0.637072
0.006344 0.448893 0.000010 0.003752 0.541001
0.081673 0.076436 0.305332 0.053263 0.483296
0.162860 0.025560 0.083967 0.029423 0.698190
0.152281 0.065875 0.150895 0.056468 0.574482
0.066099 0.000010 0.076076 0.016851 0.840965
0.012279 0.038405 0.591422 0.012904 0.344990
0.000010 0.004238 0.995732 0.000010 0.000010
0.000010 0.326031 0.544176 0.000010 0.129773
0.123965 0.082260 0.082446 0.031925 0.679404
0.000010 0.999956 0.000010 0.000014 0.000010
0.049762 0.001589 0.127249 0.001678 0.819722
0.113262 0.070353 0.077929 0.046650 0.691806
0.017693 0.033676 0.140287 0.000010 0.808334
0.016160 0.122548 0.000010 0.009888 0.851394
0.114215 0.077468 0.120143 0.047245 0.640929
0.992843 0.007127 0.000010 0.000010 0.000010
0.090079 0.051327 0.216872 0.059976 0.581745
0.000010 0.009144 0.960993 0.000010 0.029843
0.219746 0.030099 0.578267 0.015252 0.156636
0.000010 0.004584 0.994818 0.000578 0.000010
0.007155 0.062947 0.834072 0.003278 0.092547
0.090618 0.089287 0.114766 0.039075 0.666254
0.000010 0.313228 0.000010 0.000010 0.686742
0.015279 0.739434 0.049664 0.020485 0.175138
0.013847 0.005984 0.950364 0.000010 0.029795
0.136963 0.065395 0.181911 0.057860 0.557871
0.000010 0.011148 0.978069 0.002552 0.008220
0.031218 0.093011 0.131858 0.011037 0.732877
0.000312 0.124225 0.794425 0.010566 0.070472
0.059170 0.066821 0.000010 0.018452 0.855547
0.017215 0.024945 0.000010 0.943816 0.014014
0.000189 0.974033 0.017152 0.000010 0.008616
0.097272 0.087930 0.070042 0.031832 0.712923
0.999957 0.000013 0.000010 0.000010 0.000010
0.004703 0.040660 0.857617 0.005443 0.091576
0.052560 0.106599 0.225995 0.025139 0.589707
0.624442 0.119942 0.000010 0.009059 0.246546
0.024381 0.001821 0.924562 0.014645 0.034592
